CA18###172,692,178,178
CA17###172,870,178,178
CA16###172,1048,178,178
CA15###172,1226,178,178
CA14###172,1404,178,178
CA13###172,1582,178,178
CA12###172,1760,178,178
CA11###172,1938,178,178
CA10###172,2116,178,178
CA09###172,2294,178,178
CA08###172,2472,178,178
CA07###172,2650,178,178
CA06###172,2828,178,178
CA05###172,3006,178,178
CA04###172,3184,178,178
CA03###172,3362,178,178
CA02###172,3540,178,178
CA01###172,3718,178,178
CA19###348,692,178,178
CA20###348,870,178,178
CA21###348,1048,178,178
CA22###348,1226,178,178
CA23###348,1404,178,178
CA24###348,1582,178,178
CA25###348,1760,178,178
CA26###348,1938,178,178
CA26###348,2116,178,178
CA26###348,2294,178,178
CA26###348,2472,178,178
CA26###348,2650,178,178
CA27###348,2828,178,178
CA28###348,3006,178,178
CA29###348,3184,178,178
CA30###348,3362,178,178
CA31###348,3540,178,178
CA01###348,3718,178,178
CA62###526,414,178,178
CA61###704,414,178,178
CA60###882,414,178,178
CA47###706,692,178,178
CA46###706,870,178,178
CA45###706,1048,178,178
CA44###706,1226,178,178
CA43###706,1404,178,178
CA42###706,1582,178,178
CA41###706,1760,178,178
CA40###706,1938,178,178
CA48###886,692,178,178
CA49###886,870,178,178
CA50###886,1048,178,178
CA51###886,1226,178,178
CA52###886,1404,178,178
CA53###886,1582,178,178
CA54###886,1760,178,178
CA55###886,1938,178,178
CA56###1242,692,178,178
CA57###1242,870,178,178
CA58###1242,1048,178,178
CA59###1242,1226,178,178
CA39###708,2472,178,178
CA38###708,2650,178,178
CA37###708,2828,178,178
CA36###708,3006,178,178
CA35###708,3184,178,178
CA34###708,3362,178,178
CA33###708,3540,178,178
CA32###708,3718,178,178