B08###158,542,170,170
B07###158,712,170,170
B06###158,882,170,170
B08###158,542,170,170
B10###497,370,170,170
B11###497,542,170,170
B12###497,712,170,170
B13###497,882,170,170
C09###668,370,170,170
C08###668,542,170,170
C07###668,712,170,170
C06###668,882,170,170
C10###1008,370,170,170
C11###1008,542,170,170
C12###1008,712,170,170
C13###1008,882,170,170
D09###1178,370,170,170
D08###1178,542,170,170
D07###1178,712,170,170
D06###1178,882,170,170
B15###497,1227,170,170
B16###497,1397,170,170
B17###497,1567,170,170
B18###497,1737,170,170
C04###668,1227,170,170
C03###668,1397,170,170
C02###668,1567,170,170
C01###668,1737,170,170
C15###1006,1227,170,170
C16###1006,1397,170,170
C17###1006,1567,170,170
C18###1006,1737,170,170
D04###1177,1227,170,170
D03###1177,1397,170,170
D02###1177,1567,170,170
D01###1177,1737,170,170