CA01###130,534,178,178
CA02###130,712,178,178
CA02###130,890,178,178
CA02###130,1068,178,178
CA02###130,1246,178,178
CA02###130,1424,178,178
CA03###130,1602,178,178
CA04###130,1780,178,178
CA05###130,1958,178,178
CA06###308,534,178,178
CA07###308,712,178,178
CA08###308,890,178,178
CA09###308,1068,178,178
CA10###308,1246,178,178
CA11###308,1424,178,178
CA12###308,1602,178,178
CA13###308,1780,178,178
CA14###308,1958,178,178
CA15###664,534,178,178
CA16###664,712,178,178
CA17###664,890,178,178
CA18###664,1068,178,178
CA19###664,1246,178,178
CA20###664,1424,178,178
CA21###664,1602,178,178
CA22###664,1780,178,178
CA23###664,1958,178,178
CA24###842,534,178,178
CA25###842,890,178,178
CA26###842,1068,178,178
CA27###842,1246,178,178
CA28###842,1424,178,178
CA29###842,1602,178,178
CA30###842,1780,178,178
CA31###1200,1424,178,178
CA32###1200,1602,178,178
CA33###1200,1780,178,178
CA34###1200,1958,178,178
K09###1555,1958,178,178